a5ir783n!f78gds3b?54sdfg>sdfg549fd#sh
20
20
11111111111111111111
10000000000000000001
10000000000000000001
10000000000000000001
10000000000000000001
10000000000000000001
10000000000000000001
10000000000000000001
10000000000000000001
10000000000000000001
10000000000000000001
10000000000000000001
10000000000000000001
10000000000000000001
10000000000000000001
10000000000000000001
10000000000000000001
10000000000000000001
10000000000000000001
11111111111111111111
Begin punt:
18,18;
Eind punt:
18,1;
spots:
0
cameras:
1
18,4;
Guards:
2
1,3;1,4;1,5;1,6;1,7;1,8;1,9;1,10;1,11;1,12;1,13;
13,5;13,6;13,7;13,8;13,9;13,10;13,11;13,12;13,13;13,14;13,15;
Keys:
0
